0.0 130659.18 100000.00 11000.00 60.0 143992.51 100000.00 11000.00 120.0 157325.84 100000.00 11000.00 180.0 170659.18 100000.00 11000.00 240.0 183992.51 100000.00 11000.00 300.0 197325.84 100000.00 11000.00 360.0 210659.18 100000.00 11000.00 420.0 223992.51 100000.00 11000.00 480.0 237325.84 100000.00 11000.00 540.0 250659.18 100000.00 11000.00 600.0 263992.51 100000.00 11000.00 660.0 277325.84 100000.00 11000.00
0.0 131537.58 115187.70 11000.00 60.0 144870.91 115187.70 11000.00 120.0 158204.25 115187.70 11000.00 180.0 171537.58 115187.70 11000.00 240.0 184870.91 115187.70 11000.00 300.0 198204.25 115187.70 11000.00 360.0 211537.58 115187.70 11000.00 420.0 224870.91 115187.70 11000.00 480.0 238204.25 115187.70 11000.00 540.0 251537.58 115187.70 11000.00 600.0 264870.91 115187.70 11000.00 660.0 278204.25 115187.70 11000.00
0.0 124695.95 130967.74 11000.00 60.0 138029.28 130967.74 11000.00 120.0 151362.62 130967.74 11000.00 180.0 164695.95 130967.74 11000.00 240.0 178029.28 130967.74 11000.00 300.0 191362.62 130967.74 11000.00 360.0 204695.95 130967.74 11000.00 420.0 218029.28 130967.74 11000.00 480.0 231362.62 130967.74 11000.00 540.0 244695.95 130967.74 11000.00 600.0 258029.28 130967.74 11000.00 660.0 271362.62 130967.74 11000.00
0.0 108209.15 135966.63 11000.00 60.0 121542.48 135966.63 11000.00 120.0 134875.81 135966.63 11000.00 180.0 148209.15 135966.63 11000.00 240.0 161542.48 135966.63 11000.00 300.0 174875.81 135966.63 11000.00 360.0 188209.15 135966.63 11000.00 420.0 201542.48 135966.63 11000.00 480.0 214875.81 135966.63 11000.00 540.0 228209.15 135966.63 11000.00 600.0 241542.48 135966.63 11000.00 660.0 254875.81 135966.63 11000.00
0.0 91155.70 138749.41 11000.00 60.0 104489.03 138749.41 11000.00 120.0 117822.37 138749.41 11000.00 180.0 131155.70 138749.41 11000.00 240.0 144489.03 138749.41 11000.00 300.0 157822.37 138749.41 11000.00 360.0 171155.70 138749.41 11000.00 420.0 184489.03 138749.41 11000.00 480.0 197822.37 138749.41 11000.00 540.0 211155.70 138749.41 11000.00 600.0 224489.03 138749.41 11000.00 660.0 237822.37 138749.41 11000.00
0.0 94379.05 107048.44 11000.00 60.0 107712.39 107048.44 11000.00 120.0 121045.72 107048.44 11000.00 180.0 134379.05 107048.44 11000.00 240.0 147712.39 107048.44 11000.00 300.0 161045.72 107048.44 11000.00 360.0 174379.05 107048.44 11000.00 420.0 187712.39 107048.44 11000.00 480.0 201045.72 107048.44 11000.00 540.0 214379.05 107048.44 11000.00 600.0 227712.39 107048.44 11000.00 660.0 241045.72 107048.44 11000.00
0.0 72162.91 113405.64 11000.00 60.0 85496.24 113405.64 11000.00 120.0 98829.57 113405.64 11000.00 180.0 112162.91 113405.64 11000.00 240.0 125496.24 113405.64 11000.00 300.0 138829.57 113405.64 11000.00 360.0 152162.91 113405.64 11000.00 420.0 165496.24 113405.64 11000.00 480.0 178829.57 113405.64 11000.00 540.0 192162.91 113405.64 11000.00 600.0 205496.24 113405.64 11000.00 660.0 218829.57 113405.64 11000.00
0.0 70768.15 100000.00 11000.00 60.0 84101.48 100000.00 11000.00 120.0 97434.81 100000.00 11000.00 180.0 110768.15 100000.00 11000.00 240.0 124101.48 100000.00 11000.00 300.0 137434.81 100000.00 11000.00 360.0 150768.15 100000.00 11000.00 420.0 164101.48 100000.00 11000.00 480.0 177434.81 100000.00 11000.00 540.0 190768.15 100000.00 11000.00 600.0 204101.48 100000.00 11000.00 660.0 217434.81 100000.00 11000.00
0.0 82249.95 91452.03 11000.00 60.0 95583.28 91452.03 11000.00 120.0 108916.62 91452.03 11000.00 180.0 122249.95 91452.03 11000.00 240.0 135583.28 91452.03 11000.00 300.0 148916.62 91452.03 11000.00 360.0 162249.95 91452.03 11000.00 420.0 175583.28 91452.03 11000.00 480.0 188916.62 91452.03 11000.00 540.0 202249.95 91452.03 11000.00 600.0 215583.28 91452.03 11000.00 660.0 228916.62 91452.03 11000.00
0.0 83968.22 79896.78 11000.00 60.0 97301.55 79896.78 11000.00 120.0 110634.89 79896.78 11000.00 180.0 123968.22 79896.78 11000.00 240.0 137301.55 79896.78 11000.00 300.0 150634.89 79896.78 11000.00 360.0 163968.22 79896.78 11000.00 420.0 177301.55 79896.78 11000.00 480.0 190634.89 79896.78 11000.00 540.0 203968.22 79896.78 11000.00 600.0 217301.55 79896.78 11000.00 660.0 230634.89 79896.78 11000.00
0.0 92035.18 65103.85 11000.00 60.0 105368.51 65103.85 11000.00 120.0 118701.85 65103.85 11000.00 180.0 132035.18 65103.85 11000.00 240.0 145368.51 65103.85 11000.00 300.0 158701.85 65103.85 11000.00 360.0 172035.18 65103.85 11000.00 420.0 185368.51 65103.85 11000.00 480.0 198701.85 65103.85 11000.00 540.0 212035.18 65103.85 11000.00 600.0 225368.51 65103.85 11000.00 660.0 238701.85 65103.85 11000.00
0.0 105676.38 75130.14 11000.00 60.0 119009.72 75130.14 11000.00 120.0 132343.05 75130.14 11000.00 180.0 145676.38 75130.14 11000.00 240.0 159009.72 75130.14 11000.00 300.0 172343.05 75130.14 11000.00 360.0 185676.38 75130.14 11000.00 420.0 199009.72 75130.14 11000.00 480.0 212343.05 75130.14 11000.00 540.0 225676.38 75130.14 11000.00 600.0 239009.72 75130.14 11000.00 660.0 252343.05 75130.14 11000.00
0.0 120674.26 74075.29 11000.00 60.0 134007.60 74075.29 11000.00 120.0 147340.93 74075.29 11000.00 180.0 160674.26 74075.29 11000.00 240.0 174007.60 74075.29 11000.00 300.0 187340.93 74075.29 11000.00 360.0 200674.26 74075.29 11000.00 420.0 214007.60 74075.29 11000.00 480.0 227340.93 74075.29 11000.00 540.0 240674.26 74075.29 11000.00 600.0 254007.60 74075.29 11000.00 660.0 267340.93 74075.29 11000.00
0.0 129328.24 85876.26 11000.00 60.0 142661.58 85876.26 11000.00 120.0 155994.91 85876.26 11000.00 180.0 169328.24 85876.26 11000.00 240.0 182661.58 85876.26 11000.00 300.0 195994.91 85876.26 11000.00 360.0 209328.24 85876.26 11000.00 420.0 222661.58 85876.26 11000.00 480.0 235994.91 85876.26 11000.00 540.0 249328.24 85876.26 11000.00 600.0 262661.58 85876.26 11000.00 660.0 275994.91 85876.26 11000.00
0.0 118688.06 100000.00 11000.00 60.0 132021.39 100000.00 11000.00 120.0 145354.72 100000.00 11000.00 180.0 158688.06 100000.00 11000.00 240.0 172021.39 100000.00 11000.00 300.0 185354.72 100000.00 11000.00 360.0 198688.06 100000.00 11000.00 420.0 212021.39 100000.00 11000.00 480.0 225354.72 100000.00 11000.00 540.0 238688.06 100000.00 11000.00 600.0 252021.39 100000.00 11000.00 660.0 265354.72 100000.00 11000.00
