0.0 407977.12 100000.00 10000.00 60.0 394643.79 100000.00 10000.00 120.0 381310.46 100000.00 10000.00 180.0 367977.12 100000.00 10000.00 240.0 354643.79 100000.00 10000.00 300.0 341310.46 100000.00 10000.00 360.0 327977.12 100000.00 10000.00 420.0 314643.79 100000.00 10000.00 480.0 301310.46 100000.00 10000.00 540.0 287977.12 100000.00 10000.00 600.0 274643.79 100000.00 10000.00 660.0 261310.46 100000.00 10000.00
0.0 429590.03 114249.81 10000.00 60.0 416256.70 114249.81 10000.00 120.0 402923.36 114249.81 10000.00 180.0 389590.03 114249.81 10000.00 240.0 376256.70 114249.81 10000.00 300.0 362923.36 114249.81 10000.00 360.0 349590.03 114249.81 10000.00 420.0 336256.70 114249.81 10000.00 480.0 322923.36 114249.81 10000.00 540.0 309590.03 114249.81 10000.00 600.0 296256.70 114249.81 10000.00 660.0 282923.36 114249.81 10000.00
0.0 419270.79 124164.81 10000.00 60.0 405937.46 124164.81 10000.00 120.0 392604.13 124164.81 10000.00 180.0 379270.79 124164.81 10000.00 240.0 365937.46 124164.81 10000.00 300.0 352604.13 124164.81 10000.00 360.0 339270.79 124164.81 10000.00 420.0 325937.46 124164.81 10000.00 480.0 312604.13 124164.81 10000.00 540.0 299270.79 124164.81 10000.00 600.0 285937.46 124164.81 10000.00 660.0 272604.13 124164.81 10000.00
0.0 407092.09 131072.46 10000.00 60.0 393758.75 131072.46 10000.00 120.0 380425.42 131072.46 10000.00 180.0 367092.09 131072.46 10000.00 240.0 353758.75 131072.46 10000.00 300.0 340425.42 131072.46 10000.00 360.0 327092.09 131072.46 10000.00 420.0 313758.75 131072.46 10000.00 480.0 300425.42 131072.46 10000.00 540.0 287092.09 131072.46 10000.00 600.0 273758.75 131072.46 10000.00 660.0 260425.42 131072.46 10000.00
0.0 392758.23 131728.25 10000.00 60.0 379424.90 131728.25 10000.00 120.0 366091.57 131728.25 10000.00 180.0 352758.23 131728.25 10000.00 240.0 339424.90 131728.25 10000.00 300.0 326091.57 131728.25 10000.00 360.0 312758.23 131728.25 10000.00 420.0 299424.90 131728.25 10000.00 480.0 286091.57 131728.25 10000.00 540.0 272758.23 131728.25 10000.00 600.0 259424.90 131728.25 10000.00 660.0 246091.57 131728.25 10000.00
0.0 386922.55 116398.61 10000.00 60.0 373589.21 116398.61 10000.00 120.0 360255.88 116398.61 10000.00 180.0 346922.55 116398.61 10000.00 240.0 333589.21 116398.61 10000.00 300.0 320255.88 116398.61 10000.00 360.0 306922.55 116398.61 10000.00 420.0 293589.21 116398.61 10000.00 480.0 280255.88 116398.61 10000.00 540.0 266922.55 116398.61 10000.00 600.0 253589.21 116398.61 10000.00 660.0 240255.88 116398.61 10000.00
0.0 366045.40 116351.67 10000.00 60.0 352712.07 116351.67 10000.00 120.0 339378.73 116351.67 10000.00 180.0 326045.40 116351.67 10000.00 240.0 312712.07 116351.67 10000.00 300.0 299378.73 116351.67 10000.00 360.0 286045.40 116351.67 10000.00 420.0 272712.07 116351.67 10000.00 480.0 259378.73 116351.67 10000.00 540.0 246045.40 116351.67 10000.00 600.0 232712.07 116351.67 10000.00 660.0 219378.73 116351.67 10000.00
0.0 378876.60 100000.00 10000.00 60.0 365543.26 100000.00 10000.00 120.0 352209.93 100000.00 10000.00 180.0 338876.60 100000.00 10000.00 240.0 325543.26 100000.00 10000.00 300.0 312209.93 100000.00 10000.00 360.0 298876.60 100000.00 10000.00 420.0 285543.26 100000.00 10000.00 480.0 272209.93 100000.00 10000.00 540.0 258876.60 100000.00 10000.00 600.0 245543.26 100000.00 10000.00 660.0 232209.93 100000.00 10000.00
0.0 389466.05 94927.12 10000.00 60.0 376132.72 94927.12 10000.00 120.0 362799.39 94927.12 10000.00 180.0 349466.05 94927.12 10000.00 240.0 336132.72 94927.12 10000.00 300.0 322799.39 94927.12 10000.00 360.0 309466.05 94927.12 10000.00 420.0 296132.72 94927.12 10000.00 480.0 282799.39 94927.12 10000.00 540.0 269466.05 94927.12 10000.00 600.0 256132.72 94927.12 10000.00 660.0 242799.39 94927.12 10000.00
0.0 382562.76 78134.40 10000.00 60.0 369229.43 78134.40 10000.00 120.0 355896.10 78134.40 10000.00 180.0 342562.76 78134.40 10000.00 240.0 329229.43 78134.40 10000.00 300.0 315896.10 78134.40 10000.00 360.0 302562.76 78134.40 10000.00 420.0 289229.43 78134.40 10000.00 480.0 275896.10 78134.40 10000.00 540.0 262562.76 78134.40 10000.00 600.0 249229.43 78134.40 10000.00 660.0 235896.10 78134.40 10000.00
0.0 396322.91 83889.63 10000.00 60.0 382989.58 83889.63 10000.00 120.0 369656.25 83889.63 10000.00 180.0 356322.91 83889.63 10000.00 240.0 342989.58 83889.63 10000.00 300.0 329656.25 83889.63 10000.00 360.0 316322.91 83889.63 10000.00 420.0 302989.58 83889.63 10000.00 480.0 289656.25 83889.63 10000.00 540.0 276322.91 83889.63 10000.00 600.0 262989.58 83889.63 10000.00 660.0 249656.25 83889.63 10000.00
0.0 407563.27 66863.14 10000.00 60.0 394229.94 66863.14 10000.00 120.0 380896.60 66863.14 10000.00 180.0 367563.27 66863.14 10000.00 240.0 354229.94 66863.14 10000.00 300.0 340896.60 66863.14 10000.00 360.0 327563.27 66863.14 10000.00 420.0 314229.94 66863.14 10000.00 480.0 300896.60 66863.14 10000.00 540.0 287563.27 66863.14 10000.00 600.0 274229.94 66863.14 10000.00 660.0 260896.60 66863.14 10000.00
0.0 408661.87 89138.35 10000.00 60.0 395328.54 89138.35 10000.00 120.0 381995.21 89138.35 10000.00 180.0 368661.87 89138.35 10000.00 240.0 355328.54 89138.35 10000.00 300.0 341995.21 89138.35 10000.00 360.0 328661.87 89138.35 10000.00 420.0 315328.54 89138.35 10000.00 480.0 301995.21 89138.35 10000.00 540.0 288661.87 89138.35 10000.00 600.0 275328.54 89138.35 10000.00 660.0 261995.21 89138.35 10000.00
0.0 412085.72 94179.82 10000.00 60.0 398752.39 94179.82 10000.00 120.0 385419.05 94179.82 10000.00 180.0 372085.72 94179.82 10000.00 240.0 358752.39 94179.82 10000.00 300.0 345419.05 94179.82 10000.00 360.0 332085.72 94179.82 10000.00 420.0 318752.39 94179.82 10000.00 480.0 305419.05 94179.82 10000.00 540.0 292085.72 94179.82 10000.00 600.0 278752.39 94179.82 10000.00 660.0 265419.05 94179.82 10000.00
0.0 417179.38 100000.00 10000.00 60.0 403846.05 100000.00 10000.00 120.0 390512.71 100000.00 10000.00 180.0 377179.38 100000.00 10000.00 240.0 363846.05 100000.00 10000.00 300.0 350512.71 100000.00 10000.00 360.0 337179.38 100000.00 10000.00 420.0 323846.05 100000.00 10000.00 480.0 310512.71 100000.00 10000.00 540.0 297179.38 100000.00 10000.00 600.0 283846.05 100000.00 10000.00 660.0 270512.71 100000.00 10000.00
